Line|512,393|421, 509|#FF000000|1
Line|1142,388|1228, 504|#FF000000|1
Line|421,509|421, 600|#FF000000|1
Line|1228,504|1228, 600|#FF000000|1
Line|421,600|1228, 600|#FF000000|1
Line|599,299|1049, 300|#FF000000|1
Line|599,299|599, 393|#FF000000|1
Line|1049,300|1049, 388|#FF000000|1
Line|599,393|512, 393|#FF000000|1
Line|1049,388|1142, 388|#FF000000|1
Line|691,211|1137, 211|#FF000000|1
Line|1137,211|1137, 299|#FF000000|1
Line|1137,299|1229, 299|#FF000000|1
Line|599,299|691, 211|#FF000000|1
Line|1049,300|1137, 211|#FF000000|1
Line|1049,388|1137, 299|#FF000000|1
Line|1142,388|1229, 299|#FF000000|1
Line|1229,299|1318, 419|#FF000000|1
Line|1318,419|1318, 510|#FF000000|1
Line|1228,600|1318, 510|#FF000000|1
Line|1228,504|1318, 419|#FF000000|1
