Line|565.7610563309808,370.22890655086815|565.7610563309808,610.6372874280554|#FF000000|1
Line|565.7610563309808,610.6372874280554|804.5667146689859,610.6372874280554|#FF000000|1
Line|804.5667146689859,610.6372874280554|804.5667146689859,367.82482274209616|#FF000000|1
Line|565.7610563309808,370.22890655086815|637.8835705941366,370.22890655086815|#FF000000|1
Line|804.5667146689859,367.82482274209616|729.2387553274677,367.82482274209616|#FF000000|1
Line|637.8835705941366,370.22890655086815|637.8835705941366,489.63173571987096|#FF000000|1
Line|729.2387553274677,367.82482274209616|729.2387553274677,488.83037445028054|#FF000000|1
Line|637.8835705941366,489.63173571987096|729.2387553274677,489.63173571987096|#FF000000|1
Line|923.9695438379896,79.33476568947174|923.9695438379896,319.7431465666588|#FF000000|1
Line|923.9695438379896,79.33476568947174|851.8470295748339,79.33476568947174|#FF000000|1
Line|685.1638854999833,76.9306818806999|760.491844841502,76.9306818806999|#FF000000|1
Line|760.491844841502,76.9306818806999|760.491844841502,197.93623358888397|#FF000000|1
Line|685.1638854999833,76.9306818806999|565.7610563309808,370.22890655086815|#FF000000|1
Line|760.491844841502,76.9306818806999|637.8835705941366,370.22890655086815|#FF000000|1
Line|923.9695438379896,319.7431465666588|804.5667146689859,610.6372874280554|#FF000000|1
Line|851.8470295748339,79.33476568947174|729.2387553274677,367.82482274209616|#FF000000|1
Line|923.9695438379896,79.33476568947174|804.5667146689859,367.82482274209616|#FF000000|1
Line|760.491844841502,197.93623358888397|801.3612695906238,197.93623358888397|#FF000000|1
Line|760.491844841502,197.93623358888397|637.8835705941366,489.63173571987096|#FF000000|1
