Circle|750,450|900,299|#FF000000|1
Circle|750,450|839,331|#FF000000|1
Circle|750,631|771,619|#FF000000|1
Circle|571,450|571,474|#FF000000|1
Circle|891.5299588385806,562.8285015018355|869.0561575258648,571.768761820002|#FF000000|1
Circle|750,269|771,281|#FF000000|1
Circle|891.5299588385806,337.1714984981645|869.0561575258648,328.23123817999794|#FF000000|1
Circle|929,450|929,474|#FF000000|1
Circle|608.4700411614194,562.8285015018355|630.9438424741352,571.768761820002|#FF000000|1
Circle|608.4700411614194,337.1714984981645|630.9438424741352,328.23123817999794|#FF000000|1
